Keuwl Accelerometer Data File
2022-08-22 22-52-29

Time (s), X (m/s2), Y (m/s2), Z (m/s2), R (m/s2), Theta (deg), Phi (deg)
0.0000000,-0.384646,7.778767,5.587839,9.585464,54.341751,92.830872
0.0199969,-0.366700,7.862516,5.387739,9.538415,55.608376,92.670288
0.0400171,-0.081655,7.939086,5.185246,9.482750,56.851677,90.589279
0.0600288,-0.118744,7.869695,5.374579,9.530598,55.672058,90.864456
0.0800271,-0.516252,7.779963,5.670392,9.640938,53.973621,93.796387
0.1000302,-0.594317,7.880462,5.624928,9.700243,54.558254,94.312889
0.1200419,-0.367896,7.942676,5.833403,9.861543,53.734310,92.651985
0.1400506,0.001196,7.965706,6.010471,9.978890,52.963863,89.991394
0.1600578,-0.100798,7.821838,5.902794,9.799708,52.962051,90.738312
0.1800695,-0.197707,7.784750,5.887241,9.762224,52.910381,91.454811
0.2000672,-0.164207,7.712965,5.663213,9.570202,53.718369,91.219635
0.2200854,-0.031107,7.820642,5.644071,9.644632,54.182648,90.227890
0.2400971,0.010768,7.811070,6.112465,9.918426,51.955467,89.921021
0.2601112,0.046660,7.612167,5.947062,9.659959,52.001530,89.648804
0.2801297,0.098106,7.958229,5.485845,9.666309,55.422382,89.293716
0.3001410,0.003589,7.862516,5.306383,9.485614,55.984734,89.973846
0.3201297,0.043071,7.789535,5.151747,9.339123,56.521038,89.683197
0.3401615,0.123230,7.772785,5.035695,9.262268,57.065605,89.091705
0.3601728,0.110070,7.875677,4.944469,9.299794,57.881294,89.199287
0.3801495,-0.022732,7.811070,5.131408,9.345838,56.697578,90.166740
0.4001916,-0.269492,7.745268,5.618946,9.572583,54.056782,91.992767
0.4202029,-0.044566,7.746464,6.040381,9.823233,52.054787,90.329628
0.4402057,-0.027517,7.791928,6.294320,10.016654,51.068893,90.202339
0.4602149,-0.281456,7.754839,6.260820,9.970688,51.102978,92.078590
0.4802262,-0.129512,7.709375,6.300302,9.957161,50.747375,90.962433
0.5002513,-0.042173,7.753643,6.218946,9.939619,51.268440,90.311638
0.5202437,-0.122333,7.732107,6.008079,9.792725,52.155197,90.906425
0.5402550,-0.062512,7.783553,6.089435,9.882753,51.963173,90.460152
0.5602676,-0.085244,7.638488,5.992525,9.708972,51.886940,90.639381
0.5802734,-0.123529,7.615756,6.032007,9.715971,51.622925,90.929268
0.6002847,-0.179761,7.639685,6.141179,9.803631,51.213600,91.347916
0.6203022,-0.130708,7.660024,6.088238,9.785688,51.526150,90.977577
0.6403009,-0.052941,7.649256,6.293124,9.905419,50.556183,90.396545
0.6603122,0.013161,7.625328,6.052346,9.735332,51.560440,89.901115
0.6803247,0.136391,7.669595,5.656034,9.530583,53.596966,88.981201
0.7003311,0.276670,7.878069,5.197211,9.442008,56.603146,87.988655
0.7203425,0.154337,7.955836,5.205585,9.508800,56.807800,88.888649
0.7403586,0.488435,7.952247,4.809274,9.306231,58.883492,86.485252
0.7603655,0.627518,7.599007,4.912166,9.070173,57.209179,85.279289
0.7803768,0.325723,8.014759,5.309973,9.619681,56.496323,87.672760
0.8004076,0.353240,7.911569,5.817550,9.826576,53.699368,87.443520
0.8204095,0.353240,7.891230,6.276374,10.089061,51.530571,87.436943
0.8404207,0.117248,7.849356,6.277570,10.051568,51.351833,89.144218
0.8604309,0.136391,7.812267,5.800800,9.731361,53.409382,88.999802
0.8804377,0.255135,7.894819,5.659624,9.717233,54.378246,88.149033
0.9004489,0.416650,7.839784,5.544469,9.611293,54.769283,86.957840
0.9204603,0.330509,7.875677,5.442774,9.579108,55.375744,87.596947
0.9404724,0.041874,7.858927,5.781658,9.756641,53.659203,89.694717
0.9604836,0.178265,7.893623,6.065506,9.956476,52.468166,88.706284
0.9804978,0.126820,7.867302,6.189036,10.010729,51.812256,89.076485
1.0005060,0.159123,7.740482,6.028418,9.812349,52.093807,88.822327
1.0205172,0.198604,7.818249,5.842974,9.762418,53.236237,88.544846
1.0405302,0.181855,7.915158,5.851349,9.844851,53.533241,88.683830
1.0605369,0.092124,7.884051,5.638088,9.693027,54.432312,89.330544
1.0805480,0.156730,7.884051,5.426024,9.572073,55.468452,88.861145
1.1005703,0.053839,7.911569,5.365007,9.559243,55.858562,89.610107
1.1206162,0.209372,7.969296,5.188836,9.511969,56.940750,88.495056
1.1406274,0.118445,7.999206,5.695516,9.820398,54.551716,89.151680
1.1606439,0.283849,7.933105,5.391328,9.595892,55.817055,87.950813
1.1806483,0.061017,7.891230,5.422435,9.574865,55.506012,89.556984
1.2006595,-0.140279,7.905587,5.657231,9.722256,54.416794,91.016571
1.2206597,0.235992,7.986045,5.807979,9.877511,53.984772,88.307373
1.2406601,0.210568,7.982456,5.534898,9.715917,55.272556,88.488953
73.4181747,0.392722,8.514261,4.741976,9.753626,60.910469,87.359093
73.4381790,0.481256,8.533403,4.802096,9.803607,60.670624,86.772125
73.4582062,0.518644,8.586046,4.412664,9.667512,62.842209,86.543221
73.4782181,0.584447,8.618349,4.418646,9.702678,62.909016,86.120468
73.4982300,0.543769,8.653045,4.381557,9.714366,63.189636,86.404182
73.5182495,0.421436,8.528618,4.619942,9.708696,61.584896,87.171066
73.5382690,0.535394,8.532207,4.781757,9.795427,60.780144,86.409409
73.5582809,0.404686,8.636295,4.740780,9.860242,61.262497,87.317154
73.5783081,0.537787,8.614759,4.586443,9.774393,62.015644,86.427879
73.5983276,0.614357,8.656634,4.336094,9.701364,63.451374,85.940552
73.6183472,0.537787,8.550154,4.283452,9.578219,63.435337,86.400955
73.6383591,0.668196,8.478069,4.663013,9.698857,61.263668,85.493568
73.6583633,0.627518,8.436195,4.848756,9.750569,60.179840,85.745949
73.6783981,0.446561,8.436195,4.951647,9.792222,59.624065,86.969940
73.6984177,0.466900,8.420642,4.695316,9.652523,60.893528,86.826370
73.7184143,0.518644,8.528618,4.157529,9.502176,64.053322,86.520004
73.7384567,0.629911,8.541779,3.805485,9.372326,66.044044,85.782379
73.7584686,0.674178,8.702098,3.783950,9.513112,66.561684,85.569969
73.7784958,0.725623,8.609974,4.048656,9.542002,64.893738,85.182663
73.7985153,0.722034,8.676973,4.326522,9.722653,63.577045,85.243225
73.8185349,0.530608,8.643474,4.492824,9.755852,62.578945,86.487114
73.8385391,0.716052,8.661420,4.489234,9.781930,62.681828,85.274025
73.8585739,0.559322,8.588439,4.476074,9.700998,62.522297,86.273872
73.8785858,0.592822,8.712866,4.668995,9.902777,61.869366,86.107605
73.8986130,0.391526,8.712866,4.513462,9.820319,62.638416,87.427063
73.9186096,0.381954,8.674581,4.473681,9.767704,62.741394,87.478813
73.9386292,0.690928,8.608778,4.319344,9.656354,63.429035,85.411362
73.9586716,0.591625,8.656634,4.471288,9.761135,62.737328,86.090279
73.9786835,0.641875,8.618349,4.698905,9.837055,61.466404,85.740608
73.9986954,0.571286,8.551350,4.610371,9.731776,61.722393,86.177948
74.0187225,0.750748,8.624331,4.376772,9.700456,63.179787,85.024940
74.0387344,0.607179,8.633903,4.150351,9.598872,64.381363,85.977303
74.0587463,0.362812,8.643474,4.358826,9.687137,63.258873,87.596405
74.0787888,0.583251,8.723633,4.652246,9.903804,61.982365,86.174973
74.0987854,0.831207,8.603992,4.605586,9.794437,61.951122,84.481949
74.1188049,0.504287,8.709276,4.563711,9.845469,62.384602,86.686142
74.1388397,0.527019,8.703294,4.521837,9.822020,62.588531,86.534744
74.1588593,0.590429,8.624331,4.526622,9.757972,62.361614,86.083595
74.1788712,0.574876,8.631510,4.486842,9.745008,62.585491,86.189613
74.1988983,0.354437,8.694920,4.562515,9.825670,62.332069,87.665703
74.2189026,0.509073,8.637491,4.437788,9.724164,62.847069,86.627029
74.2389145,0.742373,8.510672,4.391129,9.605450,62.796665,85.014793
74.2589722,0.454935,8.599206,4.474877,9.704527,62.541088,86.971626
74.2789688,0.415454,8.582457,4.429414,9.666999,62.729015,87.228630
74.2989807,0.620339,8.560922,4.338487,9.617518,63.185558,85.855492
74.3189926,0.637089,8.546564,4.257131,9.569367,63.584938,85.736870
74.3390198,0.441775,8.641081,4.012764,9.537595,65.119240,87.073303
74.3590393,0.330509,8.613564,4.179065,9.579525,64.135162,87.802597
74.3790741,0.484846,8.615956,4.476074,9.721369,62.584717,86.779190
74.3990784,0.588036,8.612367,4.436592,9.705771,62.799309,86.094017
74.4190903,0.696910,8.655437,4.320540,9.698936,63.546879,85.396645
74.4391403,0.595215,8.655437,4.411468,9.733032,63.047802,86.066093
74.4591370,0.541376,8.602796,4.320540,9.642005,63.378433,86.399109
74.4791489,0.683749,8.642277,4.346861,9.698024,63.370377,85.476364
74.4991531,0.583251,8.589635,4.411468,9.673834,62.869381,86.115486
74.5191650,0.371187,8.667402,4.468895,9.758722,62.745831,87.547775
74.5391846,0.478864,8.678169,4.542176,9.806697,62.408096,86.841606
74.5591965,0.626321,8.674581,4.557729,9.819038,62.343311,85.870300
74.5792313,0.560519,8.657830,4.563711,9.803043,62.254810,86.295769
74.5992508,0.495613,8.688937,4.539783,9.815950,62.452076,86.735413
74.6192474,0.516252,8.732008,4.393521,9.788642,63.330799,86.616508
74.6392822,0.649053,8.586046,4.316951,9.632110,63.372810,85.677010
74.6592941,0.522234,8.675776,4.440182,9.759971,62.939053,86.555267
74.6793365,0.617946,8.596813,4.496712,9.721496,62.447998,85.888603
74.6993332,0.601197,8.642277,4.489234,9.757234,62.606895,86.020653
74.7193527,0.451346,8.544171,4.373182,9.608917,62.927532,86.976158
74.7393646,0.439382,8.611171,4.377968,9.670156,63.081039,87.079033
74.7593842,0.480060,8.613564,4.180261,9.586371,64.147049,86.810036
74.7794037,0.605982,8.552547,4.076173,9.493601,64.573044,85.947136
74.7994080,0.577268,8.611171,4.356433,9.667678,63.216637,86.164795
74.8194199,0.468096,8.692527,4.543372,9.819438,62.439068,86.917580
74.8394394,0.500399,8.636295,4.326522,9.672372,63.428947,86.683907
74.8594513,0.483649,8.612367,4.235595,9.609737,63.847569,86.785789
